Year,PIBN,PIBR
1959.00,506.60,2441.30
1960.00,526.40,2501.80
1961.00,544.70,2560.00
1962.00,585.60,2715.20
1963.00,617.70,2834.00
1964.00,663.60,2998.60
1965.00,719.10,3191.10
1966.00,787.80,3399.10
1967.00,832.60,3484.60
1968.00,910.00,3652.70
1969.00,984.60,3765.40
1970.00,1038.50,3771.90
1971.00,1127.10,3898.60
1972.00,1238.30,4105.00
1973.00,1382.70,4341.50
1974.00,1500.00,4319.60
1975.00,1638.30,4311.20
1976.00,1825.30,4540.90
1977.00,2030.90,4750.50
1978.00,2294.70,5015.00
1979.00,2563.30,5173.40
1980.00,2789.50,5161.70
1981.00,3128.40,5291.70
1982.00,3255.00,5189.30
1983.00,3536.70,5423.80
1984.00,3933.20,5813.60
1985.00,4220.30,6053.70
1986.00,4462.80,6263.60
1987.00,4739.50,6475.10
1988.00,5103.80,6742.70
1989.00,5484.40,6981.40
1990.00,5803.10,7112.50
1991.00,5995.90,7100.50
1992.00,6337.70,7336.60
1993.00,6657.40,7532.70
1994.00,7072.20,7835.50
1995.00,7397.70,8031.70
1996.00,7816.90,8328.90
1997.00,8304.30,8703.50
1998.00,8747.00,9066.90
1999.00,9268.40,9470.30
2000.00,9817.00,9817.00
2001.00,10128.00,9890.70
2002.00,10469.60,10048.80
2003.00,10960.80,10301.00
2004.00,11712.50,10703.50
2005.00,12455.80,11048.60
